1,3875
2,2396
3,2240
4,1765
5,1641
6,1642
7,1636
8,1655
9,1636
10,1633
11,1636
12,1647
13,1651
14,1636
15,1637
16,1634
17,1702
18,1801
19,1986
20,1906
21,1843
22,1840
23,1842
24,2011
25,1912
26,1914
27,1912
28,1907
29,1920
30,1914
31,2101
32,1913
33,1916
34,1918
35,1843
36,1833
37,1847
38,2623
39,2563
40,2573
41,2565
42,2554
43,2752
44,2561
45,2557
46,2567
47,2554
48,2756
49,2553
50,2555
51,2575
52,2548
53,2624
54,2557
55,2564
56,2660
57,2557
58,2565
59,2568
60,2568
61,2736
62,2565
63,2558
64,2581
65,2459
66,2731
67,2556
68,2572
69,2573
70,2565
71,2605
72,2563
73,2566
74,2686
75,2552
76,2562
77,4148
78,4565
79,4279
80,4227
81,4348
82,4217
83,4383
84,4430
85,4424
86,4404
87,4406
88,4369
89,4416
90,4441
91,4394
92,4553
93,4457
94,4385
95,4498
96,4400
97,4423
98,4413
99,4385
100,4544
