1,3076
2,2897
3,1172
4,1354
5,1227
6,1148
7,1158
8,1154
9,1464
10,1065
11,1066
12,1138
13,1201
14,1266
15,1355
16,1401
17,1209
18,1228
19,1232
20,1345
21,1394
22,1349
23,1312
24,1283
25,1361
26,1931
27,1660
28,1892
29,1818
30,1479
31,1574
32,1791
33,1782
34,1716
35,1606
36,1978
37,1773
38,1673
39,1668
40,1708
41,1737
42,1766
43,1735
44,2021
45,1858
46,2040
47,1888
48,1892
49,1875
50,1927
51,1938
52,2207
53,2023
54,2011
55,2095
56,2950
57,2217
58,2131
59,2200
60,2265
61,2987
62,2321
63,2761
64,2431
65,2682
66,2410
67,2440
68,2943
69,2777
70,2538
71,2559
72,2570
73,3086
74,2752
75,2701
76,2748
77,3026
78,2837
79,2843
80,2773
81,2927
82,3162
83,2866
84,3219
85,3088
86,3191
87,3303
88,3098
89,3161
90,3190
91,3422
92,3411
93,3219
94,3345
95,3217
96,3419
97,3607
98,3419
99,3619
100,4007
