1,1092
2,1047
3,1069
4,1141
5,842
6,862
7,853
8,856
9,862
10,774
11,779
12,773
13,775
14,780
15,780
16,788
17,797
18,862
19,862
20,850
21,860
22,883
23,928
24,970
25,1142
26,1041
27,1069
28,1066
29,1067
30,1073
31,1092
32,1116
33,1097
34,1130
35,1141
36,1156
37,1285
38,1222
39,1220
40,1232
41,1247
42,1428
43,1275
44,1270
45,1275
46,1314
47,1483
48,1368
49,1395
50,1451
51,1469
52,1468
53,1478
54,1476
55,1465
56,1720
57,1529
58,1480
59,1484
60,1661
61,1549
62,1565
63,1581
64,1712
65,1551
66,1573
67,1622
68,1911
69,1694
70,1780
71,1795
72,1942
73,1996
74,1970
75,2139
76,2117
77,2017
78,2139
79,2213
80,2280
81,2282
82,2305
83,2234
84,2252
85,2349
86,2386
87,2351
88,2351
89,2416
90,2620
91,2477
92,2524
93,2595
94,2497
95,2563
96,2702
97,2702
98,2958
99,2830
100,2828
