1,1655
2,1611
3,1596
4,1641
5,1603
6,1534
7,1559
8,1518
9,1534
10,1558
11,1569
12,1768
13,1257
14,1156
15,1166
16,1215
17,1196
18,1202
19,1229
20,1255
21,1257
22,1271
23,1316
24,1516
25,1493
26,1424
27,1468
28,1486
29,1508
30,1515
31,1536
32,1576
33,1614
34,1797
35,1687
36,1681
37,1704
38,1730
39,1728
40,1794
41,1790
42,1838
43,2031
44,1958
45,1863
46,1829
47,1865
48,1988
49,1893
50,1926
51,2193
52,2153
53,2122
54,2117
55,2133
56,2150
57,2205
58,2244
59,2456
60,2244
61,2178
62,2236
63,2288
64,2322
65,2522
66,2522
67,2503
68,2539
69,2546
70,2555
71,2639
72,3247
73,2806
74,2720
75,2793
76,2792
77,2986
78,3271
79,2863
80,3111
81,2865
82,3110
83,3178
84,3258
85,3077
86,3180
87,3306
88,3456
89,3290
90,3447
91,3491
92,3680
93,3598
94,3592
95,3692
96,3589
97,3609
98,3512
99,3722
100,3688
