1,1086
2,977
3,802
4,760
5,640
6,647
7,652
8,646
9,652
10,661
11,715
12,741
13,761
14,767
15,777
16,777
17,784
18,809
19,803
20,970
21,819
22,819
23,851
24,882
25,923
26,986
27,1165
28,978
29,989
30,1003
31,995
32,1041
33,1211
34,1073
35,1062
36,1070
37,1116
38,1156
39,1212
40,1195
41,1195
42,1208
43,1217
44,1375
45,1198
46,1197
47,1229
48,1289
49,1549
50,1398
51,1412
52,1437
53,1457
54,1484
55,1494
56,1486
57,1497
58,1636
59,1497
60,1503
61,1518
62,1777
63,1504
64,1537
65,1544
66,1814
67,1602
68,1617
69,1671
70,1852
71,1753
72,1855
73,1927
74,1976
75,2033
76,2016
77,2090
78,2154
79,2218
80,2352
81,2190
82,2278
83,2443
84,2285
85,2320
86,2444
87,2302
88,2244
89,2470
90,2320
91,2397
92,2461
93,2443
94,2631
95,2621
96,2657
97,2942
98,2800
99,2985
100,2978
