1,4567
2,1967
3,1953
4,1958
5,1888
6,1802
7,1822
8,1841
9,1925
10,2148
11,1942
12,1941
13,1952
14,1951
15,2132
16,1937
17,1940
18,2078
19,2250
20,2404
21,2241
22,2242
23,2243
24,2259
25,2351
26,2238
27,2244
28,2208
29,2374
30,2259
31,2209
32,2157
33,2203
34,2523
35,2172
36,2174
37,2155
38,3104
39,2885
40,2878
41,2942
42,3022
43,2986
44,3001
45,3233
46,2987
47,2988
48,3097
49,2993
50,2989
51,3002
52,3165
53,2985
54,2992
55,3206
56,2986
57,2993
58,3063
59,2983
60,2983
61,3035
62,3416
63,2882
64,2868
65,3375
66,2881
67,2886
68,2975
69,3219
70,3046
71,2994
72,3429
73,3055
74,3002
75,3084
76,3010
77,4587
78,5719
79,4716
80,4862
81,4632
82,5085
83,4612
84,5865
85,4625
86,5811
87,4622
88,5788
89,4625
90,5126
91,4793
92,5094
93,4804
94,5245
95,4803
96,5148
97,4798
98,5191
99,4798
100,5219
