1,6471
2,5979
3,2632
4,2514
5,2389
6,2105
7,2106
8,2211
9,2266
10,2256
11,2250
12,2260
13,2252
14,2273
15,2411
16,2162
17,2165
18,2353
19,2579
20,2593
21,2738
22,2670
23,2592
24,2585
25,2579
26,2581
27,2655
28,2734
29,2693
30,2721
31,2673
32,2680
33,2710
34,2716
35,2688
36,2678
37,2676
38,3624
39,3720
40,3726
41,3703
42,3691
43,3717
44,3765
45,3704
46,3694
47,3706
48,3749
49,3704
50,3693
51,3686
52,3750
53,3739
54,3696
55,3686
56,3737
57,3715
58,3699
59,3701
60,3708
61,3740
62,3723
63,3691
64,3700
65,3723
66,3754
67,3693
68,3557
69,3632
70,3787
71,3688
72,3694
73,3722
74,3714
75,3730
76,3698
77,5772
78,6156
79,6090
80,6130
81,6088
82,6098
83,6101
84,6051
85,5923
86,6125
87,6017
88,5942
89,6140
90,6031
91,6181
92,6122
93,6093
94,6147
95,6078
96,6098
97,6134
98,6087
99,6393
100,6129
