1,3138
2,2611
3,1689
4,1761
5,1605
6,1585
7,1586
8,1696
9,1636
10,1635
11,1635
12,1649
13,1635
14,1635
15,1635
16,1638
17,1636
18,1708
19,1802
20,1870
21,1811
22,1810
23,1801
24,1861
25,1802
26,1801
27,1826
28,1847
29,1801
30,1801
31,1926
32,1801
33,1805
34,1803
35,1811
36,1732
37,1802
38,2405
39,2290
40,2266
41,2340
42,2289
43,2286
44,2294
45,2286
46,2349
47,2286
48,2290
49,2342
50,2286
51,2287
52,2300
53,2287
54,2299
55,2290
56,2285
57,2464
58,2285
59,2287
60,2324
61,2201
62,2198
63,2307
64,2286
65,2315
66,2290
67,2287
68,2358
69,2286
70,2288
71,2308
72,2288
73,2198
74,2254
75,2198
76,2255
77,3363
78,3655
79,3532
80,3553
81,3389
82,3529
83,3590
84,3524
85,3568
86,3526
87,3523
88,3588
89,3534
90,3578
91,3527
92,3536
93,3521
94,3527
95,3630
96,3408
97,3548
98,3401
99,3521
100,3444
